750
756
47 321
380
423
13
159
671
11
246 912
370
580 653
375 879
529 697
998
69 108
969
539
391
50
82 101
811
143 891
638
508
74
281
260
145
158 26
868 137
867
120
39
816 525
338 943
785
731 318
725
228
499
255
799
702
591
980 183
848
843
506
699 344
652
42
798 263
254
38
396
596
112
970
780
439
829
398 795
496 581
659 670
803
724
417 929
229
974 243
332
949 336
257 858
608 494
278
569
883 461
692
584
992
968 256
964
378
852
253 847
45
374
498 701
104 79
160 144
673 665
749 341
187
22
818 382
793 270
778
741
579 664
502
347
632 454
986
708
897 133
23
892 262
849
677
313
893
70
311
487 703
449 615
124 165
184
902 249
226 40
598 409
329
207 894
361
131 31
589 740
691
419 885
550
641
906
431
990 345
717 368
738
483
909 413
650
972
328
727
748
729
400
693
448
218 872
56
647
203
540
163 134
6 199
905
720 327
46 984
206 988
299
342
965 252
142
97 84
275
519
859
367
349
710 572
247
75
604
317
648
637 424
221 861
526
945 204
645
786
172 93
152 54
623
78
239
821
291 8
322 814
807
987
530
578 470
792
430
379
644
87
957 290
387
477
495 763
634 714
996 227
331 835
655
657 547
286
865
504
36 330
510 674
406
728
185 51
783 289
719
561
535 544
979 200
420
804
936
767
334
198 80
480
926
223 862
432 726
117 91
733
934 371
874
985 169
614
453
363 796
509
421
265
827
593
171 115
18 173
128 903
292
636 444
43
635 686
966
123 156
404
86 94
633 452
577 662
98
762 513
564 511
100
938
706
25
2 49
639
192
712
364
210
559
911 443
904 415
654
554
489
312
258
739
324 797
512 553
582 624
781 304
851
545 675
264 15
500
828 138
878
723
838 365
806 236
713
385 801
812
55 953
211
411
463
810 405
248 881
465 866
836
9
927 388
233
215 956
300
621
269 832
320
416
287
193
34
863
250 12
895
672
96 182
917
520
298
95 188
148
62
57 153
830
90
555
771
773 307
0 195
517 689
605
4
823
77
428 760
871 518
820
446
353 920
690
660 422
574
787
106
305
700 524
919 407
293
668 394
711 528
901 438
954
750 339
707
166
17
65 285
899
450
306 837
316
514
240
834 373
791
815
35
768
611
606
602
776
335 808
715 474
536
21
274
603 392
505
546
175 88
777
758 437
666 410
981 52
212
61 297
472
684 534
999 162
89
766
360
592
194
272
113
230
395 982
507
63
942
839
585 622
33
85 67
164
516
886
704
366 825
651 566
309
68 114
224 932
789 562
587 469
222
384 765
284
412
418 721
478 857
831
588
464 705
685 617
627
168 129
549
41
205
930 350
359 833
845
978
746
975
676 383
190 995
538
140
552 813
484 716
381
678
913
103
819
479
315
213
745
542 840
613
493
492 805
271 853
576
933
348
29
107
121
910 130
802
940 402
354
680
774 426
237 20
197
752 522
896
597
58 150
295 993
730
907
842
607 537
109
688
541
698 376
599 643
900
570
610
696 372
575
616
92
630 482
754
734
775
967 244
971
220
135
238 30
875
658
167
501 737
1
196
266 973
73
146 151
467
296
125
948
267
876 355
451
5
757
732
994
642
854
850
880
435
310 991
294
887
568 471
663
924
983
116 915
958 273
399 960
139
941 401
961 72
646
340
442
141
232
122
16
429
225
466 873
19
485
119 44
441
234 32
60
468
882 490
747
631 455
440
283
923
180 53
755
161 10
753 459
14
102 157
7
189
586 751
279
898 447
864
531
567
71 937
288 952
764
722
694
870
217
83
618 735
280 841
683 620
181
718
186
533
959
855
111
736
925
460
656
962
869
268
136
565
456
928 99
302
427 661
890
761
884 458
590 609
235
66 105
282
473
28
457
640
667
343 770
149
356
790
779
64 118
127
351
462
209
497
48
939
921
191 27
914
955
445 619
908
679
488
600 408
527 846
276
944
503 695
922
742
216
889
208
357
436
377
551
202
557
769 434
323
548 817
132
251
788 475
772
241
563 681
951
822
352
916 242
931
170
594
178
126 147
362
601 625
308
214 977
303
963
844
558 521
709 583
476 856
669
390 794
179
595 573
997
277
245
24
369
219
826
37 155
935
918 414
824 231
433
326
325
397
515
319
177
860
201
626
76 259
314
532
989
523 543
628 612
176
629
556
888
346
261
946 386
174
743
333
358
110
687
337 800
301
682
759 571
393
59 947
81
782 481
491
976
389
3
560
649
809
403 744
784
950
877
486
154
425
