750
53
54
79
84
97
104
152
180
190
207
221
253
306
322
324
363
398
403
418
427
445
449
496
512
523
558
564
568
578
587
598
600
603
696
699
749
750
783
798
892
902
916
945
980
985
999
64
68
69
86
117
175
185
191
237
264
291
295
310
395
399
417
419
466
476
527
542
548
552
586
589
618
634
635
659
673
683
685
700
752
762
782
788
883
884
898
901
904
909
940
941
946
968
974
979
0
37
57
58
66
82
85
119
131
158
161
206
214
215
224
246
248
257
269
335
337
343
384
432
484
487
498
510
535
607
608
630
631
632
633
636
637
660
666
668
676
698
717
720
731
773
781
793
806
824
828
868
897
910
928
961
981
2
46
55
59
71
116
128
143
218
223
271
280
331
359
366
385
390
428
464
529
545
577
580
599
601
628
709
710
759
789
816
871
882
911
918
919
927
934
990
36
47
61
65
76
95
96
102
123
126
160
163
168
171
172
198
226
234
238
250
266
288
338
353
375
465
478
492
495
501
503
517
563
579
582
585
590
595
651
657
684
711
715
753
758
769
774
810
818
834
838
876
930
949
957
958
965
967
996
6
18
124
146
151
165
173
199
227
244
252
273
290
336
350
355
365
373
382
405
426
434
437
459
474
528
534
547
566
573
609
622
624
664
681
689
695
737
763
805
857
866
879
920
943
952
973
97 84
104 79
152 54
180 53
12
30
32
40
80
93
115
129
134
144
147
156
157
182
188
259
285
297
321
330
345
371
388
407
414
443
490
518
525
562
571
572
583
612
625
643
653
662
675
697
705
760
794
801
825
833
835
841
853
862
872
891
903
915
937
947
953
984
49
52
72
99
130
133
137
138
231
236
270
304
307
318
327
368
376
383
394
410
422
424
444
452
454
455
482
494
537
544
674
701
703
716
726
765
770
800
808
832
858
881
912
932
956
977
988
10
26
31
44
67
101
105
150
153
155
195
200
243
256
386
401
402
413
415
438
447
458
461
475
481
513
522
524
617
620
665
670
686
714
735
740
751
813
817
840
846
856
873
885
929
960
982
991
993
8
15
20
27
51
88
91
94
108
114
118
162
169
183
204
242
249
262
263
289
339
341
344
372
392
408
409
469
470
471
511
521
543
553
581
615
619
661
721
744
795
796
797
814
837
847
861
894
995
418 721
523 543
884 458
257 858
335 808
660 422
828 138
910 130
198 80
266 973
810 405
930 350
190 995
207 894
221 861
253 847
306 837
322 814
324 797
363 796
398 795
403 744
427 661
445 619
449 615
496 581
512 553
558 521
564 511
568 471
578 470
587 469
598 409
600 408
603 392
696 372
699 344
749 341
750 339
783 289
798 263
892 262
902 249
916 242
945 204
980 183
985 169
999 162
175 88
185 51
237 20
295 993
310 991
395 982
399 960
417 929
419 885
466 873
476 856
527 846
542 840
548 817
552 813
586 751
589 740
618 735
634 714
635 686
659 670
673 665
683 620
685 617
700 524
752 522
762 513
782 481
788 475
883 461
898 447
901 438
904 415
909 413
940 402
941 401
946 386
968 256
974 243
979 200
206 988
214 977
215 956
224 932
246 912
248 881
269 832
337 800
343 770
384 765
432 726
484 716
487 703
498 701
510 674
535 544
607 537
608 494
630 482
631 455
632 454
633 452
636 444
637 424
666 410
668 394
676 383
698 376
717 368
720 327
731 318
773 307
781 304
793 270
806 236
824 231
868 137
897 133
928 99
961 72
981 52
46 984
55 953
59 947
71 937
116 915
128 903
143 891
218 872
223 862
271 853
280 841
331 835
359 833
366 825
385 801
390 794
428 760
464 705
529 697
545 675
577 662
580 653
599 643
601 625
628 612
709 583
710 572
759 571
789 562
816 525
871 518
882 490
911 443
918 414
919 407
927 388
934 371
990 345
36 330
76 259
163 134
288 952
338 943
353 920
375 879
465 866
478 857
492 805
495 763
501 737
503 695
517 689
563 681
579 664
582 624
585 622
590 609
595 573
651 566
657 547
684 534
711 528
715 474
753 459
758 437
769 434
774 426
818 382
834 373
838 365
876 355
949 336
957 290
958 273
965 252
967 244
996 227
64 118
68 114
69 108
86 94
117 91
191 27
264 15
291 8
0 195
37 155
57 153
58 150
66 105
82 101
85 67
119 44
131 31
158 26
161 10
2 49
47 321
61 297
65 285
95 188
96 182
102 157
123 156
126 147
160 144
168 129
171 115
172 93
226 40
234 32
238 30
250 12
6 199
18 173
124 165
146 151
