750
1
3
4
5
7
9
11
13
14
16
17
19
21
22
23
24
25
28
29
33
34
35
38
39
41
42
43
45
48
50
56
60
62
63
70
73
74
75
77
78
81
83
87
89
90
92
98
100
103
106
107
109
110
111
112
113
120
121
122
125
127
132
135
136
139
140
141
142
145
148
149
154
159
164
166
167
170
174
176
177
178
179
181
184
186
187
189
192
193
194
196
197
201
202
203
205
208
209
210
211
212
213
216
217
219
220
222
225
228
229
230
232
233
235
239
240
241
245
247
251
254
255
258
260
261
265
267
268
272
274
275
276
277
278
279
281
282
283
284
286
287
292
293
294
296
298
299
300
301
302
303
305
308
309
311
312
313
314
315
316
317
319
320
323
325
326
328
329
332
333
334
340
342
346
347
348
349
351
352
354
356
357
358
360
361
362
364
367
369
370
374
377
378
379
380
381
387
389
391
393
396
397
400
404
406
411
412
416
420
421
423
425
429
430
431
433
435
436
439
440
441
442
446
448
450
451
453
456
457
460
462
463
467
468
472
473
477
479
480
483
485
486
488
489
491
493
497
499
500
502
504
505
506
507
508
509
514
515
516
519
520
526
530
531
532
533
536
538
539
540
541
546
549
550
551
554
555
556
557
559
560
561
565
567
569
570
574
575
576
584
588
591
592
593
594
596
597
602
604
605
606
610
611
613
614
616
621
623
626
627
629
638
639
640
641
642
644
645
646
647
648
649
650
652
654
655
656
658
663
667
669
671
672
677
678
679
680
682
687
688
690
691
692
693
694
702
704
706
707
708
712
713
718
719
722
723
724
725
727
728
729
730
732
733
734
736
738
739
741
742
743
745
746
747
748
754
755
756
757
761
764
766
767
768
771
772
775
776
777
778
779
780
784
785
786
787
790
791
792
799
802
803
804
807
809
811
812
815
819
820
821
822
823
826
827
829
830
831
836
839
842
843
844
845
848
849
850
851
852
854
855
859
860
863
864
865
867
869
870
874
875
877
878
880
886
887
888
889
890
893
895
896
899
900
905
906
907
908
913
914
917
921
922
923
924
925
926
931
933
935
936
938
939
942
944
948
950
951
954
955
959
962
963
964
966
969
970
971
972
975
976
978
983
986
987
989
992
994
997
998
97 84
104 79
152 54
180 53
190 995
207 894
221 861
253 847
306 837
322 814
324 797
363 796
398 795
403 744
418 721
427 661
445 619
449 615
496 581
512 553
523 543
558 521
564 511
568 471
578 470
587 469
598 409
600 408
603 392
696 372
699 344
749 341
750 339
783 289
798 263
892 262
902 249
916 242
945 204
980 183
985 169
999 162
64 118
68 114
69 108
86 94
117 91
175 88
185 51
191 27
237 20
264 15
291 8
295 993
310 991
395 982
399 960
417 929
419 885
466 873
476 856
527 846
542 840
548 817
552 813
586 751
589 740
618 735
634 714
635 686
659 670
673 665
683 620
685 617
700 524
752 522
762 513
782 481
788 475
883 461
884 458
898 447
901 438
904 415
909 413
940 402
941 401
946 386
968 256
974 243
979 200
0 195
37 155
57 153
58 150
66 105
82 101
85 67
119 44
131 31
158 26
161 10
206 988
214 977
215 956
224 932
246 912
248 881
257 858
269 832
335 808
337 800
343 770
384 765
432 726
484 716
487 703
498 701
510 674
535 544
607 537
608 494
630 482
631 455
632 454
633 452
636 444
637 424
660 422
666 410
668 394
676 383
698 376
717 368
720 327
731 318
773 307
781 304
793 270
806 236
824 231
828 138
868 137
897 133
910 130
928 99
961 72
981 52
2 49
46 984
55 953
59 947
71 937
116 915
128 903
143 891
218 872
223 862
271 853
280 841
331 835
359 833
366 825
385 801
390 794
428 760
464 705
529 697
545 675
577 662
580 653
599 643
601 625
628 612
709 583
710 572
759 571
789 562
816 525
871 518
882 490
911 443
918 414
919 407
927 388
934 371
990 345
36 330
47 321
61 297
65 285
76 259
95 188
96 182
102 157
123 156
126 147
160 144
163 134
168 129
171 115
172 93
198 80
226 40
234 32
238 30
250 12
266 973
288 952
338 943
353 920
375 879
465 866
478 857
492 805
495 763
501 737
503 695
517 689
563 681
579 664
582 624
585 622
590 609
595 573
651 566
657 547
684 534
711 528
715 474
753 459
758 437
769 434
774 426
810 405
818 382
834 373
838 365
876 355
930 350
949 336
957 290
958 273
965 252
967 244
996 227
6 199
18 173
124 165
146 151
